1 threads
      iter    10^3             				10 ^ 4              			10 ^ 5               			10 ^ 6   
size
10 ^ 3    	0.0189606					0.170599						
				1.89606e-08				1.70599e-08
10 ^ 4    	0.0463444            		0.514829
				4.63444e-09				5.14829e-09
10 ^ 5 		0.370442 					3.70327
				3.70442e-09				3.70327e-09
10 ^ 6     	4.0743						40.987
				4.0743e-09 sec			2.90674e-08
10 ^ 7		39.6512					396.01
				2.81201e-08 sec		3.25732e-07

2 threads				
       iter    10^3             			10 ^ 4              			10 ^ 5               			10 ^ 6   
size
10 ^ 3    	0.0197766					0.199914
				1.97766e-08				1.99914e-08
10 ^ 4    	0.0526135					0.559442	
				5.26135e-09				5.59442e-09
10 ^ 5 		0.372207					3.48765	
				3.72207e-09				3.48765e-09
10 ^ 6     	3.48129					34.4087	
				3.48129e-09				2.44022e-08
10 ^ 7		34.5227					349.314
				2.4431e-08				2.87324e-07

4 threads

       iter    10^3             			10 ^ 4              			10 ^ 5               			10 ^ 6   
size
10 ^ 3    	
				
10 ^ 4    	
				
10 ^ 5 		
				
10 ^ 6     	              					37.1287
												2.63312e-08
10 ^ 7		


